title,date
Dancing Queens,10/17/2022
From Stress to Happiness,10/17/2022
Myriam Fares: The Journey,10/17/2022
The Girl and the Gun,10/17/2022
2 Hearts,10/17/2022
A Perfect Ending,10/17/2022
American Outlaws,10/17/2022
And Then Came Lola,10/17/2022
Battlefield Earth,10/17/2022
Bliss,10/17/2022
Carnaval,10/17/2022
Cloudburst,10/17/2022
Company of Heroes,10/17/2022
Cradle 2 the Grave,10/17/2022
Domestic Disturbance,10/17/2022
